1600000 1700000 1680000 1760000 1800000 1800000 1889851 1986422 1934222 2033045 2221703 2173704 2183145 2275989 2392075 2460733 2447984 2278230 2333783 2507146 2620672 2754347 2884825 3020143 3092735
1600000 1700000 1680000 1760000 1800000 1800000 1784261 1843002 1932813 1919565 1993553 2017742 2079170 2159744 2235200 2340053 2396709 2306104 2410970 2463457 2497761 2666476 2784225 2747727 2849553
1600000 1700000 1680000 1760000 1800000 1800000 1974303 2057566 1997203 2045590 2092414 2128303 2232279 2317749 2412785 2497321 2555931 2510576 2664102 2727779 2943126 3240564 3478174 3840668 3925754
1600000 1700000 1680000 1760000 1800000 1800000 1897763 2035484 2094862 2192171 2160553 2320405 2350174 2457705 2548426 2617706 2832459 3067854 3223097 3463171 3543343 3564231 3764504 3896104 3930264
1600000 1700000 1680000 1760000 1800000 1800000 1793500 1812290 1917148 1998896 2101589 2233719 2330331 2423376 2548015 2794653 3049927 3254023 3395992 3604187 3610932 3799693 3720689 4013097 3884630
1600000 1700000 1680000 1760000 1800000 1800000 1752181 1813520 1907716 1946201 2005921 1999955 2069369 2111048 2211787 2208912 2483171 2419449 2657716 2666543 2737178 2962015 3000275 3281638 3421891
1600000 1700000 1680000 1760000 1800000 1800000 1957776 1994350 1939612 1986009 2060469 2104168 2295791 2401962 2450978 2463035 2544117 2679684 2944664 3199542 3310311 3484357 3489240 3483426 3360441
1600000 1700000 1680000 1760000 1800000 1800000 1833454 1968098 2103911 2165004 2070809 2190795 2282696 2291308 2173594 2186214 2158533 2192717 2105379 2177537 2192001 2159934 2179785 2250718 2450656
1600000 1700000 1680000 1760000 1800000 1800000 1757019 1650710 1707512 1896267 1987432 2118261 2081717 2096299 2209315 2086622 2205359 2245473 2307859 2386978 2477551 2590627 2624131 2841305 2918361
1600000 1700000 1680000 1760000 1800000 1800000 1822346 1718451 1862586 1901137 2041601 2096659 1970698 2184726 2271713 2258036 2248805 2320555 2483192 2639852 2653194 2567728 2701558 2761664 2839114
1600000 1700000 1680000 1760000 1800000 1800000 1983262 2088286 2202689 2260014 2404570 2465285 2568919 2726756 2903662 2869947 3087108 3099000 3072742 3131507 3411346 3650953 3918968 4426046 4525877
