1600000 1700000 1680000 1760000 1800000 1800000 1974442 2084197 2135149 2268174 2339238 2451623 2722314 2839705 2841142 3119985 3237573 3032476 3185431 3342269 3410581 3643362 3530291 3758248 3806519
1600000 1700000 1680000 1760000 1800000 1800000 1743736 1730175 1800654 1889231 2009110 2073015 2214815 2255698 2383500 2153152 2338277 2462661 2572449 2497506 2567993 2625760 2658385 2824057 3024749
1600000 1700000 1680000 1760000 1800000 1800000 1893928 1951499 2144217 2185757 2284520 2363270 2593000 2717328 2945994 2890515 3056780 3036313 3000075 3055257 3035409 3280226 3521260 3767481 3934807
1600000 1700000 1680000 1760000 1800000 1800000 1880862 1828227 2016983 2099173 2171817 2226505 2276453 2302314 2492138 2488967 2310394 2430598 2558387 2807053 3055708 3151573 3199374 3388119 3498898
1600000 1700000 1680000 1760000 1800000 1800000 1844256 1924468 1978761 2009381 2124147 2246196 2311501 2409431 2450424 2513882 2604966 2815555 3065285 3229745 3182968 3206718 3129315 3376305 3600989
1600000 1700000 1680000 1760000 1800000 1800000 1883859 1884459 2091755 2178432 2258411 2404635 2370743 2382856 2349943 2478716 2560496 2640577 2842023 3016187 3248262 3392049 3510463 3774996 3872681
1600000 1700000 1680000 1760000 1800000 1800000 1925050 2014431 2105115 2092037 2138876 2248516 2373920 2410380 2441427 2215357 2238991 2275024 2339742 2305117 2385798 2406536 2524033 2614497 2803328
1600000 1700000 1680000 1760000 1800000 1800000 1983633 2015662 2044124 2009515 2149090 2175521 2330955 2296023 2509740 2345509 2486895 2723449 2640157 2886088 3110502 3111802 3354109 3481258 3741451
1600000 1700000 1680000 1760000 1800000 1800000 1958804 2206867 2250172 2420577 2516162 2660393 2824707 2911257 3178400 3386164 3568950 3798689 3784431 3796933 3692233 4021304 4463629 4362728 4548275
1600000 1700000 1680000 1760000 1800000 1800000 1738548 1603713 1674417 1767420 1782836 1902328 2169642 2301677 2330122 2264053 2376469 2485103 2674754 2777978 2877145 3017245 3329331 3374318 3422610
1600000 1700000 1680000 1760000 1800000 1800000 1797296 1847972 1706960 1637593 1684538 1683977 1837833 1920849 2016405 1992624 2105979 2211955 2408854 2423385 2494483 2563041 2557743 2508569 2673262
